ch130.tspkoszt:32307.6
dT:0.9
time:0.149513
ch130.tspkoszt:28881.1
dT:0.95
time:0.269117
ch130.tspkoszt:20590.1
dT:0.99
time:1.50093
ch130.tspkoszt:12676.7
dT:0.999
time:11.9921
0.9	33606.2	0.116918
0.95	31887.7	0.296243
0.99	21832.6	0.981177
0.999	12724.2	10.9513
0.9999	9820.85	153.801
